Scénario 1
u 
 [[3, 0, 0], [1, 4, 2]]
l 
 [[3, 4], [1, 2]]

Scénario 2
u
 [[9, 0, 0], [1, 8, 0], [10, 4, 0], [3, 0, 0], [6, 0, 0], [2, 7, 5]]
l 
 [[6, 9, 0], [1, 8, 0], [4, 0, 0], [3, 2, 7], [10, 0, 0], [5, 0, 0]]

Scénario 3
u
 [[11, 0, 0], [10, 6, 3], [7, 1, 0], [12, 0, 0], [5, 8, 0], [4, 0, 0], [2, 0, 0],[9, 0, 0]]
l
 [[11, 9], [10, 0], [7, 1], [12, 4], [5, 8], [2, 0], [3, 0], [6, 0]]
 
Scénario 4
u
 [[10, 0, 0], [1, 13, 0], [15, 8, 0], [6, 0, 0], [3, 2, 0], [14, 5, 0], [12, 7, 11], [4, 9, 0]]
l
 [[9, 10, 7], [13, 4, 0], [15, 5, 0], [6, 0, 0], [2, 14, 0], [8, 3, 0], [12, 0, 0], [1, 11, 0]]
 
Scénario 5
u
 [[1, 17, 11], [18, 12, 15], [5, 3, 0], [7, 0, 0], [8, 10, 0], [2, 9, 0], [14, 13, 0], [16, 0, 0], [6, 0, 0], [4, 0, 0]]
l
 [[1, 0, 0, 0], [18, 0, 0, 0], [3, 0, 0, 0], [13, 7, 8, 2], [14, 0, 0, 0], [9, 0, 0, 0], [5, 15, 0, 0], [16, 10, 12, 0], [6, 11, 0, 0], [4, 17, 0, 0]]

Scénario 6
u
 [[38, 39, 49, 19, 11, 20, 27,  8, 24, 45, 32, 50,  9, 26, 33, 25,  4, 42, 15, 43],
  [40, 41,  7, 13, 46, 48, 22, 34,  0, 23,  0,  2, 16, 36, 44, 21, 28, 31,  1, 10],
  [14,  0,  0,  0, 12,  5,  0,  6,  0,  0,  0,  0,  0,  0,  0, 29,  0,  3, 30, 17],
  [ 0,  0,  0,  0,  0, 35,  0, 47,  0,  0,  0,  0,  0,  0,  0,  0,  0, 18,  0,  0],
  [ 0,  0,  0,  0,  0,  0,  0, 37,  0,  0,  0,  0,  0,  0,  0,  0,  0,  0,  0,  0]]
l
 [[45, 46,  1, 30, 16, 42,  7,  3, 22,  5, 43, 47, 27, 33, 21, 35, 41, 17, 48, 19],
  [36, 40, 15,  0, 49, 29,  0, 23, 13,  0, 20, 26, 39, 38, 31, 11,  0, 37, 28,  0],
  [12,  9,  0,  0,  0,  0,  0,  8,  0,  0,  6, 18,  2,  0,  0, 34,  0,  4,  0,  0],
  [ 0, 50,  0,  0,  0,  0,  0,  0,  0,  0, 32,  0,  0,  0,  0, 24,  0, 14,  0,  0],
  [ 0,  0,  0,  0,  0,  0,  0,  0,  0,  0,  0,  0,  0,  0,  0, 10,  0, 44,  0,  0],
  [ 0,  0,  0,  0,  0,  0,  0,  0,  0,  0,  0,  0,  0,  0,  0,  0,  0, 25,  0,  0]]
  
 Scénario 7 
 u
 [[38, 22, 16, 50,  8, 31,  1, 28, 37,  4,  9, 39, 49, 47, 44, 17, 13,  6, 46,  5],
  [ 0, 32, 11, 34,  0, 20, 18, 48, 27,  0, 36,  2, 42, 35, 41, 10,  7, 33, 19, 29],
  [ 0, 26,  0, 30,  0,  0, 24,  0,  0,  0, 40, 14, 43,  0, 23,  3, 45,  0,  0,  0],
  [ 0,  0,  0,  0,  0,  0,  0,  0,  0,  0,  0, 21,  0,  0, 15,  0, 25,  0,  0,  0],
  [ 0,  0,  0,  0,  0,  0,  0,  0,  0,  0,  0, 12,  0,  0,  0,  0,  0,  0,  0,  0]]
l
 [[33, 37, 24, 36, 25, 10, 32, 41, 12, 42, 15, 43, 13,  6, 26, 20, 31, 46,  1, 40],
  [ 8, 27, 44, 23,  0,  5, 14,  7, 39, 17, 19, 38, 22, 18,  0, 21,  0, 50,  9, 16],
  [29, 28, 49,  0,  0, 35,  0,  0, 34,  3,  0, 48, 47,  0,  0, 11,  0,  4, 30,  0],
  [ 0,  0,  0,  0,  0,  0,  0,  0, 45,  0,  0,  0,  0,  0,  0,  0,  0,  0,  2,  0]]
  
Scénario 8
  u
 [[12, 33, 39, 24, 29,  5, 21, 48, 14, 16,  4,  8, 46, 41, 36, 28, 20,  3, 17, 11],
  [ 9, 10,  2, 25, 40,  0, 19, 43,  0, 15,  0, 47, 42, 35, 13, 22,  0, 50, 18,  6],
  [30,  0, 49, 23,  0,  0,  1,  0,  0, 37,  0,  0,  0, 44, 27,  0,  0,  0,  0, 32],
  [ 0,  0, 26, 31,  0,  0,  7,  0,  0, 34,  0,  0,  0,  0,  0,  0,  0,  0,  0,  0],
  [ 0,  0,  0,  0,  0,  0, 38,  0,  0,  0,  0,  0,  0,  0,  0,  0,  0,  0,  0,  0],
  [ 0,  0,  0,  0,  0,  0, 45,  0,  0,  0,  0,  0,  0,  0,  0,  0,  0,  0,  0,  0]]
l
 [[19, 45, 14,  2, 18, 15, 11, 23, 28, 31, 37,  6, 35, 48, 42,  8, 21, 44, 50, 25],
  [ 7, 39,  0,  3, 36,  5, 16,  0,  0,  1,  0, 47, 49,  0,  9, 34,  0, 10,  0, 20],
  [ 4,  0,  0,  0, 33,  0,  0,  0,  0, 32,  0, 12, 13,  0,  0, 38,  0, 22,  0, 46],
  [26,  0,  0,  0, 17,  0,  0,  0,  0, 29,  0,  0, 43,  0,  0,  0,  0, 30,  0, 41],
  [24,  0,  0,  0, 40,  0,  0,  0,  0,  0,  0,  0,  0,  0,  0,  0,  0, 27,  0,  0]]
  
  Scénario 9
  u
 [[17,  3,  1, 47, 11, 14,  5, 12,  8,  4],
  [49, 25, 26, 28, 46, 31, 34, 33,  0, 10],
  [45, 41, 48, 29,  9, 19, 37, 22,  0, 44],
  [13, 23, 36,  0, 27, 20, 40,  0,  0, 50],
  [ 0,  2, 32,  0, 39, 43, 24,  0,  0, 15],
  [ 0,  0, 35,  0,  6,  7, 42,  0,  0, 18],
  [ 0,  0, 21,  0,  0,  0,  0,  0,  0, 38],
  [ 0,  0,  0,  0,  0,  0,  0,  0,  0, 16],
  [ 0,  0,  0,  0,  0,  0,  0,  0,  0, 30]]
l
 [[24, 38, 43, 10, 17, 35, 44,  1,  5, 16],
  [46,  2, 25, 11, 23, 21, 41, 33, 32, 20],
  [36, 29, 50,  8, 28, 31, 15, 13, 42,  7],
  [27,  0, 26, 48,  4,  6, 22, 47, 40,  0],
  [ 0,  0, 19, 14,  0,  0, 49, 18, 30,  0],
  [ 0,  0,  0, 12,  0,  0, 39,  3, 34,  0],
  [ 0,  0,  0,  9,  0,  0, 45,  0,  0,  0],
  [ 0,  0,  0,  0,  0,  0, 37,  0,  0,  0]]
  
  Scénario 10
  u
 [[ 9, 38, 28, 47,  1, 49, 18, 10, 26,  8, 16, 45, 42, 43, 37, 29,  3, 40, 35, 30,  5, 34, 33, 41, 14, 13, 20,  2, 27, 44, 22, 36, 15, 31,  7, 21, 12, 24, 39, 48],
  [ 0, 17,  0,  0,  0,  0, 50,  0,  0,  0,  0, 32,  0,  0,  0,  4,  0, 11,  0,  0,  0,  0,  0,  0,  6,  0,  0,  0,  0, 23,  0,  0,  0,  0, 25,  0,  0,  0,  0,  0],
  [ 0,  0,  0,  0,  0,  0,  0,  0,  0,  0,  0, 46,  0,  0,  0,  0,  0,  0,  0,  0,  0,  0,  0,  0,  0,  0,  0,  0,  0,  0,  0,  0,  0,  0,  0,  0,  0,  0,  0,  0],
  [ 0,  0,  0,  0,  0,  0,  0,  0,  0,  0,  0, 19,  0,  0,  0,  0,  0,  0,  0,  0,  0,  0,  0,  0,  0,  0,  0,  0,  0,  0,  0,  0,  0,  0,  0,  0,  0,  0,  0,  0]]
l
 [[11, 28, 25,  4, 38, 10, 16, 23, 46, 26, 41,  6, 15, 31, 12, 14, 43, 13, 19, 48, 44,  2, 29,  3, 49,  7, 45,  8, 42,  1, 39, 22, 32, 47, 27,  5, 21, 50, 30, 17],
  [ 0,  0,  0,  0,  0,  0,  0, 20,  0, 35, 18, 36,  0,  0,  0,  0,  0,  0, 24,  0,  0,  9, 40,  0,  0,  0, 34,  0,  0,  0,  0,  0,  0,  0, 37,  0,  0,  0,  0, 33]]
  
  Scénario 11
u
 [[20, 14, 16,  6, 11, 17, 21, 22,  4, 15, 19, 18, 24,  2,  1, 12, 25,  5,  7, 13],
  [ 0,  0,  3,  0,  0,  0,  0,  9,  0,  0,  0, 10,  0,  0,  0,  0,  0, 23,  0,  0],
  [ 0,  0,  8,  0,  0,  0,  0,  0,  0,  0,  0,  0,  0,  0,  0,  0,  0,  0,  0,  0]]
l
 [[ 1, 11, 17, 23, 25, 20,  9, 12,  7, 21,  2, 24,  8, 19,  3,  4, 13, 16, 22,  5],
  [ 0,  0, 10,  0,  0,  0, 18,  0, 15,  0,  0,  0,  0,  0,  0, 14,  0,  0,  0,  0],
  [ 0,  0,  0,  0,  0,  0,  0,  0,  0,  0,  0,  0,  0,  0,  0,  6,  0,  0,  0,  0]]  
  
Scénario 12
u
 [[ 31,  45,  20,  35,  32,  57,  77,  42,  83,  87,  75,  21,  90,  74,  94,  54,   8,  27,  95,  44],
  [ 18,  55,  30,  19,  22,  14,  16,  41,   0,  67,  29,  10,  52,  82,  96,  98,  34,  56,  38,   6],
  [ 64,  12,   9, 100,  59,  46,  89,  49,   0,  79,  81,  63,   5,  78,  25,  48,  17,  70,  13,  80],
  [  0,  47,  43,   0,  62,   0,  60,   0,   0,  76,  11,  65,  61,  72,   0,   0,  37,  91,  99,  84],
  [  0,  39,  58,   0,  26,   0,   1,   0,   0,   0,   2,  85,  73,   3,   0,   0,  97,  28,  40,   0],
  [  0,  69,  53,   0,   0,   0,   4,   0,   0,   0,  88,  92,   0,  36,   0,   0,   7,   0,  71,   0],
  [  0,  24,  68,   0,   0,   0,  15,   0,   0,   0,   0,  51,   0,  66,   0,   0,  23,   0,  93,   0],
  [  0,   0,   0,   0,   0,   0,   0,   0,   0,   0,   0,  33,   0,   0,   0,   0,  50,   0,   0,   0],
  [  0,   0,   0,   0,   0,   0,   0,   0,   0,   0,   0,  86,   0,   0,   0,   0,   0,   0,   0,   0]]
l
 [[ 93,  54,  31,  14,  70,  92,  36,  71,  99,  79,  78,   8,  46,  86,  51,  41,  66,  50,  76,  67],
  [ 44,  34,  40,  59,  65,  77,  11,   0,  94,  47,  90,  49,  61,  45,  89,  30,   1,  73,  62,  72],
  [ 84,   5,  88,  29,  85,  37,  20,   0,  22,   9,  13,  56,  75,  53,  48,  25,  64, 100,  18,   0],
  [ 97,  81,  57,  10,  32,  58,  69,   0,  28,   3,   4,  12,  26,  63,  98,   6,  83,   0,   0,   0],
  [ 15,   0,   7,  87,   0,   0,  42,   0,   0,  21,  38,  82,  95,  24,   0,   0,   0,   0,   0,   0],
  [ 80,   0,   0,   0,   0,   0,  39,   0,   0,  60,  33,   0,  23,  74,   0,   0,   0,   0,   0,   0],
  [ 27,   0,   0,   0,   0,   0,   0,   0,   0,   0,  91,   0,  16,  68,   0,   0,   0,   0,   0,   0],
  [  0,   0,   0,   0,   0,   0,   0,   0,   0,   0,  43,   0,  17,  52,   0,   0,   0,   0,   0,   0],
  [  0,   0,   0,   0,   0,   0,   0,   0,   0,   0,  35,   0,   0,  55,   0,   0,   0,   0,   0,   0],
  [  0,   0,   0,   0,   0,   0,   0,   0,   0,   0,   0,   0,   0,   2,   0,   0,   0,   0,   0,   0],
  [  0,   0,   0,   0,   0,   0,   0,   0,   0,   0,   0,   0,   0,  19,   0,   0,   0,   0,   0,   0],
  [  0,   0,   0,   0,   0,   0,   0,   0,   0,   0,   0,   0,   0,  96,   0,   0,   0,   0,   0,   0]]
  
  Scénario 13
  u
 [[ 32,  72,   5, 115,  89,  64, 103,  68, 109,  88,  74, 129,  67,  97,  93,  76],
  [ 58,  16, 135,  42,  20,  86,   8,  45, 120,  83,  69, 140,  25,  63,  84,  18],
  [133,  31,  19, 119, 125,  79,  15, 117,  80, 123,  99,  82,  98, 141, 106,  30],
  [  9,  27,  56,  28,  46,  44, 110,  40,  39, 111, 132,  10, 107,  47,  21, 121],
  [116,  94, 114,   3, 130,  26, 100, 122,  65,  85,  43,  51, 113,   4,   1,  59],
  [134,  70,  38,  13, 105,  22,   0, 138, 127,  60, 108,  41, 131,   6, 112,  57],
  [ 53, 118,   0, 126,  81, 137,   0, 136,   7,  71,  61, 101,  62,  52,  11,  55],
  [ 87,  24,   0,   0,   2,  73,   0,  17,  48,  77,  35,  12,   0,  14,  75,  34],
  [124,  29,   0,   0,  66,   0,   0, 102,   0, 128,  91,   0,   0,   0, 104,  23],
  [  0,  95,   0,   0,  36,   0,   0,  90,   0,   0,   0,   0,   0,   0,  92,  96],
  [  0,  49,   0,   0,  37,   0,   0,  33,   0,   0,   0,   0,   0,   0,   0,  50],
  [  0,   0,   0,   0, 139,   0,   0,  78,   0,   0,   0,   0,   0,   0,   0,   0],
  [  0,   0,   0,   0,  54,   0,   0,   0,   0,   0,   0,   0,   0,   0,   0,   0]]
l
 [[120,  91, 138,  57,  19, 111, 136,  98,  51, 116,  56, 106,  21,   8,  17, 123],
  [ 87,  63, 132,  53, 139,  46,  92, 133,  34,  78,  86,  32, 118,  60,  41,  33],
  [ 10, 101,  81,  29, 140,  93, 108,  69, 126,  75,  22,  23,  58,  74,  72,  59],
  [117,  42, 114,  99, 109,  71,  88, 121,  90,  96, 141,  13,  14,  82,  20,  94],
  [  9, 119,  37, 128,  43, 112,  36, 130,  49, 137,  40, 134,  15,  35,  67,  85],
  [ 89,  70,  26,   1,  95,  38, 102,  97, 110, 104, 129, 115,  80,  65,  25,  84],
  [  0, 103,  48, 122,  66,  64, 131,  18,   6,  76,  61,   0,   0,  24,  47,  55],
  [  0,  12,   0,   2,  83,  31,   0,   7,  27, 100,  73,   0,   0,  54,  28, 105],
  [  0,  62,   0, 113,  68,  39,   0,  79,   0,   4,  52,   0,   0,   0,  77,  50],
  [  0,   0,   0, 125,  30,  11,   0,   0,   0,   0,   3,   0,   0,   0,   0,   0],
  [  0,   0,   0, 135,   5,  45,   0,   0,   0,   0,  44,   0,   0,   0,   0,   0],
  [  0,   0,   0, 127,   0,  16,   0,   0,   0,   0, 124,   0,   0,   0,   0,   0],
  [  0,   0,   0, 107,   0,   0,   0,   0,   0,   0,   0,   0,   0,   0,   0,   0]]
  